10
p,1,8,1,1,15,1,15,8
0
255,0,0,1
255,0,0,1
255,0,0,1
255,0,0,1
255,0,0,1
255,0,0,15
255,255,255,1
255,255,255,1
255,255,255,1
255,255,255,1
255,255,255,1
255,255,255,5
p,15,8,15,1,1,1,1,8
0
0,255,0,1
0,255,0,1
0,255,0,1
0,255,0,1
0,255,0,1
0,255,0,15
255,255,255,1
255,255,255,1
255,255,255,1
255,255,255,1
255,255,255,1
255,255,255,5
p,1,8,1,15,15,15,15,8
0
0,0,255,1
0,0,255,1
0,0,255,1
0,0,255,1
0,0,255,1
0,0,255,15
255,255,255,1
255,255,255,1
255,255,255,1
255,255,255,1
255,255,255,1
255,255,255,5
p,15,8,15,15,1,15,1,8
0
255,255,255,1
255,255,255,1
255,255,255,1
255,255,255,1
255,255,255,1
255,255,255,15
255,255,255,1
255,255,255,1
255,255,255,1
255,255,255,1
255,255,255,1
255,255,255,5